import numpy as np

T_rgbToVeltop = np.array([[0.01891912, 0.01631124, 0.9997015, 0.02],
						[0.99934851, -0.03146861, -0.017671365, 0.01],
						[0.03117098, 0.999371637, -0.0168730658, -0.38],
						[0.0, 0.0, 0.0, 1.0]])

T_rgbToinfra1 = np.array([[0.9998020,  0.0125313,  0.0154589, -0.0165454],
						 [-0.0124450,  0.9999065, -0.0056713, 0.00074083],
						 [-0.0155285,  0.0054778,  0.9998644, 0.00132374],
						 [0.0, 0.0, 0.0, 1.0]])

T_infra1ToIMU = np.array([[-0.00843792, 0.00067101, -0.99996418, -0.05106777],
						 [0.9999472,  -0.00586002, -0.00844171, 0.02627466],
						 [-0.00586548, -0.9999826, -0.00062153, -0.08330717],
						 [0.0, 0.0, 0.0, 1.0]])


print(T_rgbToVeltop)

print(T_rgbToinfra1)

print(T_infra1ToIMU)
np.matmul(T_rgbToVeltop, )
